AreaNaoVip:
  world: world
  x: 508.63013069881254
  y: 58.5
  z: -617.4234459627037
  yaw: -0.14998865
  pitch: 2.0999954
AreaVip:
  world: eventos
  x: 2991.4683046005252
  y: 22.0
  z: -19272.648497567403
  yaw: -179.7001
  pitch: 1.3500017
Spawn:
  world: world
  x: 508.41367593666
  y: 58.5
  z: -617.2007103608695
  yaw: -0.89999205
  pitch: 1.6499981
SpawnVip:
  world: eventos
  x: 2991.4683046005252
  y: 22.0
  z: -19272.648497567403
  yaw: -179.7001
  pitch: 1.3500017
